     0/249     13.4G   0.02387   0.01088   0.01203   0.04678         2      1280    0.7044    0.5339    0.6117     0.464   0.02954    0.0104   0.02344
     1/249     12.2G   0.02197   0.01097  0.009384   0.04233         6      1280     0.741    0.5004    0.6005    0.4535      0.03   0.01036   0.02293
     2/249     12.2G    0.0226   0.01084   0.01053   0.04397         6      1280    0.6544    0.5646    0.6084    0.4611    0.0295   0.01037   0.02296
     3/249     12.2G   0.02386   0.01093   0.01016   0.04495         7      1280    0.6599    0.5197    0.5946    0.4372   0.03035   0.01063   0.02345
     4/249     12.2G   0.02414   0.01116   0.01049   0.04579         5      1280    0.6443    0.5328    0.5852      0.42   0.03149   0.01056   0.02635
     5/249     12.2G   0.02458    0.0112   0.01095   0.04673         2      1280    0.6764    0.5636     0.608    0.4295   0.03171   0.01059   0.02218
     6/249     12.2G   0.02644   0.01045   0.01094   0.04784         6      1280    0.6089    0.5877    0.5788    0.4005   0.03283   0.01102   0.02481
     7/249     12.2G   0.02739   0.01123   0.01121   0.04983         9      1280    0.6026    0.5655    0.5735     0.403    0.0334    0.0109   0.02677
     8/249     12.2G   0.02804   0.01103     0.012   0.05106         3      1280    0.6208     0.566    0.5832    0.3857   0.03502   0.01077   0.02215
     9/249     12.2G   0.03145     0.011   0.01249   0.05494         2      1280    0.5377    0.6456    0.5684    0.3673   0.03338   0.01135   0.02612
    10/249     12.2G   0.03296   0.01165   0.01229    0.0569         6      1280     0.628    0.5188    0.5443    0.3625   0.03469   0.01096   0.02375
    11/249     12.2G   0.03177   0.01131   0.01304   0.05611         5      1280    0.5709    0.4851    0.4696    0.2955   0.03828   0.01252   0.03095
    12/249     12.2G    0.0328   0.01165    0.0133   0.05775         4      1280    0.5539    0.5622    0.5409    0.3621   0.03415   0.01149   0.02534
    13/249     12.2G   0.03154   0.01184   0.01335   0.05674         7      1280    0.5583    0.5693    0.5278    0.3436    0.0356   0.01092   0.02637
    14/249     12.2G   0.03547    0.0114   0.01458   0.06144         3      1280    0.5808    0.5362    0.5063    0.2987   0.03762   0.01161   0.02361
    15/249     12.2G   0.03905   0.01216   0.01448   0.06568         5      1280    0.4724    0.4733    0.4383    0.2548    0.0402   0.01226   0.02975
    16/249     12.2G   0.03707   0.01259   0.01721   0.06687         3      1280    0.5373     0.533    0.4986     0.309   0.03943   0.01121   0.02759
    17/249     12.2G   0.03662   0.01215   0.01726   0.06603         6      1280    0.5423    0.4952    0.4766    0.2848   0.03905   0.01206   0.02606
    18/249     12.2G   0.03886   0.01295   0.01608   0.06788         6      1280    0.5155     0.426    0.4609    0.2553   0.03932   0.01246   0.02869
    19/249     12.2G   0.03749   0.01242   0.01677   0.06668         3      1280    0.4937    0.5049    0.4816    0.2795   0.03784   0.01155   0.03456
    20/249     12.2G   0.03492   0.01282   0.01591   0.06364         4      1280    0.5411    0.4725    0.4932    0.2871   0.04024   0.01152   0.02647
    21/249     12.2G   0.03691   0.01374   0.01558   0.06623        17      1280    0.5706    0.5418    0.5157    0.3037   0.04049   0.01155   0.02803
    22/249     12.2G   0.03638   0.01238   0.01579   0.06455         9      1280    0.4662    0.5967    0.5221    0.3041   0.03884    0.0111   0.03038
    23/249     12.2G   0.03359   0.01228   0.01566   0.06153         3      1280      0.57    0.5388    0.5667    0.3639   0.03694   0.01124   0.02629
    24/249     12.2G   0.03337   0.01263   0.01424   0.06024         4      1280    0.6091    0.5447    0.5634    0.3643   0.03755   0.01153   0.02682
    25/249     12.2G   0.03475   0.01217   0.01429   0.06122         6      1280    0.6238    0.5292    0.5515     0.354    0.0364   0.01137   0.02677
    26/249     12.2G   0.03451   0.01245   0.01434    0.0613         8      1280    0.5374    0.5291    0.5248    0.3196   0.03796   0.01124   0.03001
    27/249     12.2G     0.035   0.01279   0.01388   0.06167         8      1280    0.5613    0.5355    0.5426     0.353   0.03887   0.01101   0.02524
    28/249     12.2G   0.03566   0.01238   0.01476    0.0628         2      1280    0.6419    0.5145     0.543     0.338   0.03684   0.01099   0.02571
    29/249     12.2G   0.03363   0.01255   0.01422    0.0604         3      1280     0.607    0.5792    0.5747    0.3714    0.0357   0.01131   0.02585
    30/249     12.2G   0.03241   0.01225   0.01312   0.05777         3      1280    0.4851    0.5992    0.5194    0.3213   0.03785   0.01196   0.02674
    31/249     12.2G   0.03205   0.01236   0.01308   0.05749         2      1280    0.6354    0.5008    0.5414    0.3664   0.03561   0.01124   0.02712
    32/249     12.2G   0.03217   0.01149   0.01292   0.05657         4      1280    0.5609    0.5718    0.5588    0.3561   0.03649   0.01115   0.02565
    33/249     12.2G    0.0353   0.01233   0.01299   0.06062         5      1280    0.5104     0.613    0.5754     0.378   0.03619   0.01058   0.02431
    34/249     12.2G   0.03151   0.01212   0.01269   0.05631         5      1280    0.6608    0.5061    0.5732    0.3971   0.03491   0.01095   0.02462
    35/249     12.2G   0.03222   0.01189   0.01175   0.05586         3      1280    0.6401     0.604    0.5968    0.3833   0.03555   0.01087   0.02347
    36/249     12.2G   0.03292   0.01151   0.01188   0.05631         7      1280    0.6033    0.5542    0.5741    0.3556   0.03657   0.01121   0.02378
    37/249     12.2G   0.03291   0.01183   0.01133   0.05607         2      1280    0.5638    0.5845    0.5894    0.3816   0.03422   0.01099    0.0242
    38/249     12.2G   0.03333   0.01148    0.0108   0.05561         9      1280    0.5962    0.5967    0.5713    0.3558   0.03664   0.01108   0.02572
    39/249     12.2G   0.03251   0.01169   0.01097   0.05516         3      1280    0.6252    0.5611     0.589    0.3829   0.03502   0.01133   0.02378
    40/249     12.2G   0.03207    0.0117   0.01125   0.05502         4      1280    0.5929    0.5714    0.5793    0.3997   0.03441   0.01162    0.0253
    41/249     12.2G   0.03185   0.01177   0.01173   0.05536         4      1280    0.6018    0.5633    0.5672    0.3699   0.03657   0.01126    0.0246
    42/249     12.2G   0.03099   0.01179   0.01128   0.05406         2      1280    0.5913    0.5698    0.5831     0.373   0.03528   0.01069   0.02723
    43/249     12.2G   0.03083   0.01146   0.01109   0.05338         4      1280    0.6486    0.5645    0.5903    0.4025   0.03463   0.01094   0.02519
    44/249     12.2G    0.0307   0.01174  0.009915   0.05235         4      1280    0.6597    0.5964    0.5933    0.3881   0.03467   0.01079   0.02401
    45/249     12.2G   0.03225   0.01156  0.009927   0.05374         4      1280    0.6575    0.5539     0.588    0.3987   0.03544    0.0111   0.02412
    46/249     12.2G   0.02925   0.01136      0.01   0.05061         5      1280    0.6767    0.5473    0.5729    0.3856    0.0346   0.01091   0.02489
    47/249     12.2G   0.03108   0.01194    0.0107   0.05371         3      1280     0.605    0.6149    0.6101     0.448   0.03254   0.01086   0.02368
    48/249     12.2G    0.0314   0.01123   0.01035   0.05297         4      1280    0.6633    0.5672     0.626    0.4155   0.03353   0.01092   0.02339
    49/249     12.2G   0.02998   0.01155  0.009868    0.0514         6      1280    0.6244    0.5817    0.5936    0.4064   0.03251   0.01082   0.02261
    50/249     12.2G   0.02924   0.01126   0.01007   0.05056         6      1280    0.5389    0.6134    0.5697    0.3769   0.03389   0.01149   0.02814
    51/249     12.2G   0.02923   0.01112   0.01015   0.05051         4      1280    0.6141    0.6153    0.6034    0.4193   0.03484     0.011    0.0237
    52/249     12.2G   0.02887   0.01155  0.008327   0.04875         8      1280      0.71     0.539    0.5946    0.4064   0.03352   0.01118   0.02307
    53/249     12.2G   0.02945   0.01085  0.009982   0.05028         2      1280    0.6752    0.5711    0.5932     0.412   0.03271   0.01088   0.02433
    54/249     12.2G   0.02873   0.01111  0.008549   0.04839         4      1280     0.596    0.6426    0.6029    0.4155   0.03408   0.01102   0.02322
    55/249     12.2G   0.02997   0.01159  0.009722   0.05128         4      1280    0.6288    0.6118     0.609    0.3947   0.03247   0.01112   0.02496
    56/249     12.2G   0.02929   0.01104  0.009124   0.04946         4      1280     0.707    0.5849    0.6289    0.4432   0.03398    0.0113   0.02437
    57/249     12.2G   0.02915    0.0108   0.00855    0.0485         1      1280     0.696    0.5514    0.5971     0.411   0.03387   0.01056   0.02375
    58/249     12.2G   0.02899   0.01076  0.008819   0.04857         5      1280    0.7434     0.506    0.5911    0.4048   0.03313   0.01071   0.02383
    59/249     12.2G   0.02909   0.01073  0.008258   0.04808         5      1280    0.5889     0.622    0.5929    0.3973   0.03377    0.0112   0.02351
    60/249     12.2G   0.02817   0.01109  0.008255   0.04751         8      1280    0.6366    0.6002    0.6032    0.4259   0.03225   0.01062   0.02334
    61/249     12.2G   0.02922   0.01082  0.009003   0.04905         4      1280     0.636     0.569    0.5903    0.4017   0.03408   0.01072   0.02663
    62/249     12.2G   0.02872   0.01045  0.008069   0.04725         2      1280    0.6895    0.5627    0.6436    0.4488   0.03278    0.0107   0.02124
    63/249     12.2G   0.02759   0.01124  0.007553   0.04638         4      1280    0.6933    0.6082      0.65    0.4591   0.03217   0.01081   0.02183
    64/249     12.2G   0.02711   0.01029  0.007675   0.04507         2      1280    0.5943    0.6608    0.6219    0.4308   0.03264   0.01075   0.02341
    65/249     12.2G   0.02865    0.0103  0.007968   0.04692         3      1280    0.6413    0.6303    0.6314    0.4435   0.03234   0.01062   0.02275
    66/249     12.2G   0.02878   0.01118  0.008831   0.04879         8      1280    0.6106     0.637    0.6168    0.4302   0.03156   0.01092   0.02523
    67/249     12.2G   0.02754   0.01048  0.008056   0.04608         2      1280    0.6594    0.5712    0.6201    0.4519   0.03127   0.01081   0.02167
    68/249     12.2G   0.02766   0.01072   0.00786   0.04624         3      1280    0.6509    0.5761    0.5841    0.4103   0.03374   0.01078   0.02513
    69/249     12.2G   0.02784    0.0108   0.00789   0.04652         4      1280    0.6938    0.5923    0.6432    0.4764    0.0316   0.01054   0.02127
    70/249     12.2G   0.02748   0.01092  0.008392   0.04679         5      1280    0.6653    0.6219    0.6139     0.425   0.03224   0.01119   0.02477
    71/249     12.2G   0.02592   0.01031  0.007354   0.04358         1      1280    0.6425    0.6188    0.6202    0.4341    0.0326   0.01086   0.02371
    72/249     12.2G   0.02784   0.01067  0.007661   0.04617         5      1280    0.6591    0.6008    0.6346    0.4628   0.03262   0.01069   0.02221
    73/249     12.2G   0.02736   0.01072  0.006931   0.04501         5      1280    0.5671    0.6421    0.5976    0.4269   0.03205   0.01155   0.02448
    74/249     12.2G   0.02621   0.01035  0.007704   0.04426         4      1280    0.6426    0.6723     0.647    0.4602   0.03146   0.01079   0.02153
    75/249     12.2G   0.02717   0.01043  0.006665   0.04426         3      1280     0.715     0.592    0.6406     0.459   0.03222     0.011   0.02178
    76/249     12.2G   0.02672   0.01025  0.007228    0.0442         5      1280     0.621    0.6358    0.6315    0.4586   0.03208   0.01115   0.02347
    77/249     12.2G   0.02529    0.0103  0.006149   0.04174         3      1280    0.7094    0.5631    0.6377    0.4553    0.0312   0.01085   0.02336
    78/249     12.2G   0.02667   0.01027  0.007183   0.04413         9      1280    0.7491    0.5946    0.6412    0.4638   0.03202   0.01091   0.02039
    79/249     12.2G   0.02598  0.009884  0.006246   0.04211         2      1280    0.6567    0.5579    0.6068    0.4386   0.03151   0.01153   0.02511
    80/249     12.2G   0.02569  0.009996   0.00656   0.04224         5      1280    0.6957    0.5519    0.6296    0.4363    0.0322   0.01103   0.02242
    81/249     12.2G   0.02628   0.01033  0.006386     0.043         2      1280    0.5861    0.6407    0.6091    0.4377   0.03172     0.011   0.02413
    82/249     12.2G   0.02609   0.01025  0.007111   0.04346         5      1280    0.6442     0.664    0.6391    0.4353   0.03166    0.0108   0.02148
    83/249     12.2G   0.02546   0.01023  0.006631   0.04232         3      1280    0.7348    0.5495    0.6348     0.473   0.03157   0.01121   0.02426
    84/249     12.2G   0.02608      0.01  0.006278   0.04236         1      1280     0.624    0.6201    0.6213    0.4502   0.03185   0.01079   0.02401
    85/249     12.2G   0.02551   0.01039  0.006041   0.04194         7      1280    0.6157    0.6065    0.6131    0.4474   0.03108   0.01092    0.0231
    86/249     12.2G   0.02482    0.0102  0.006146   0.04116         2      1280    0.6601    0.5897     0.623    0.4531   0.03049   0.01086   0.02478
    87/249     12.2G   0.02538   0.01054  0.006381   0.04231        15      1280    0.6652      0.61    0.6299    0.4618   0.03094   0.01097   0.02137
    88/249     12.2G   0.02647   0.00989  0.006264   0.04262         7      1280    0.6401    0.6204    0.6312    0.4535   0.03164   0.01106   0.02327
    89/249     12.2G   0.02603   0.01034  0.006307   0.04267         4      1280    0.6472    0.6137    0.6463    0.4595   0.03111    0.0108   0.02052
    90/249     12.2G   0.02423  0.009513  0.005215   0.03896         4      1280       0.8    0.5081    0.6312    0.4499   0.03072   0.01113   0.02225
    91/249     12.2G   0.02554   0.01017   0.00643   0.04214         2      1280    0.7671    0.5258    0.6366    0.4637    0.0305   0.01061   0.02213
    92/249     12.2G   0.02477   0.00989  0.006964   0.04163         6      1280    0.6133    0.6548    0.6331     0.471   0.03059   0.01072   0.02187
    93/249     12.2G   0.02437  0.009497  0.005749   0.03962         5      1280    0.6403    0.6275    0.6517    0.4871   0.03087   0.01075   0.02308
    94/249     12.2G   0.02447  0.009551   0.00649   0.04051         2      1280    0.6039    0.6131    0.6067    0.4487   0.03152   0.01104   0.02705
    95/249     12.2G   0.02461   0.01033   0.00637   0.04131        11      1280    0.6246    0.6151    0.6172    0.4517   0.03111   0.01031   0.02398
    96/249     12.2G   0.02376  0.009681  0.005924   0.03937         8      1280    0.6337    0.6249    0.6167    0.4586   0.03075   0.01079   0.02212
    97/249     12.2G   0.02529  0.009821  0.005645   0.04075         5      1280    0.6782    0.5859    0.6393     0.456   0.03061   0.01115   0.02099
    98/249     12.2G   0.02376   0.01006  0.006669   0.04048         4      1280    0.6369    0.5841    0.6136    0.4417   0.03092   0.01111   0.02501
    99/249     12.2G   0.02443   0.00972  0.005823   0.03997         5      1280    0.6064    0.6178    0.6264    0.4551   0.03115   0.01123   0.02412
   100/249     12.2G   0.02387  0.009973  0.006074   0.03992         3      1280    0.6132    0.6516    0.6239    0.4596   0.03165   0.01109   0.02626
   101/249     12.2G   0.02405   0.01023   0.00659   0.04088         8      1280    0.5967    0.6101    0.6158    0.4333   0.03197   0.01094   0.02645
   102/249     12.2G   0.02393  0.009811  0.006156    0.0399         4      1280    0.6326    0.6301    0.6148    0.4408   0.03159   0.01082   0.02288
   103/249     12.2G   0.02414  0.009745  0.006421   0.04031         1      1280    0.6846    0.5704    0.6305    0.4574   0.03019   0.01098   0.02269
   104/249     12.2G   0.02308  0.009574  0.005667   0.03832         7      1280    0.7269     0.561    0.6496    0.4849   0.02937   0.01057   0.02193
   105/249     12.2G   0.02397   0.00958  0.005707   0.03926         2      1280    0.5856    0.6586    0.6305    0.4634   0.03023   0.01109   0.02492
   106/249     12.2G   0.02383   0.01002   0.00671   0.04056         5      1280    0.6486    0.5979    0.6095    0.4454   0.02968   0.01105    0.0261
   107/249     12.2G   0.02352  0.009445  0.006051   0.03901         3      1280    0.6708    0.5697    0.6195    0.4556   0.03022    0.0111    0.0224
   108/249     12.2G     0.023  0.009736  0.005944   0.03868         5      1280    0.6794     0.584     0.644      0.47   0.03022   0.01115    0.0216
   109/249     12.2G   0.02322  0.009528   0.00551   0.03826         0      1280    0.6252    0.6566    0.6408    0.4695   0.02957   0.01091   0.02113
   110/249     12.2G   0.02277  0.009775  0.005827   0.03837         1      1280    0.6888    0.5609      0.63    0.4603   0.02951   0.01096   0.02258
   111/249     12.2G   0.02308  0.009856  0.005075   0.03802         5      1280    0.6568    0.5889    0.6331    0.4692   0.02964   0.01109   0.02127
   112/249     12.2G   0.02283  0.009424  0.004855   0.03711         4      1280    0.6961     0.592    0.6285    0.4588   0.03061   0.01111   0.02199
   113/249     12.2G    0.0228  0.009348  0.005457   0.03761         4      1280     0.712    0.5692    0.6346    0.4755   0.03013   0.01118   0.02083
   114/249     12.2G   0.02273  0.009238  0.004699   0.03666         4      1280    0.7004    0.5906    0.6322    0.4552   0.03123   0.01117   0.02102
   115/249     12.2G    0.0229  0.009048  0.005471   0.03742         1      1280    0.6825    0.5742    0.6307    0.4706   0.02968   0.01108   0.02204
   116/249     12.2G    0.0221  0.009167  0.005105   0.03637         2      1280    0.6897    0.5928    0.6422    0.4849   0.02992   0.01098   0.02289
   117/249     12.2G   0.02266  0.009192  0.005083   0.03694         9      1280    0.6964    0.5902    0.6454    0.4843   0.02955   0.01061   0.02136
   118/249     12.2G   0.02267  0.009205  0.005263   0.03714         1      1280    0.6862    0.5924    0.6421    0.4785   0.03007   0.01076   0.02026
   119/249     12.2G   0.02229  0.008857  0.005388   0.03653         4      1280    0.6847    0.5817    0.6349    0.4745   0.03006   0.01123   0.02103
   120/249     12.2G   0.02282  0.008891  0.004939   0.03665         3      1280    0.7295    0.5633    0.6405     0.487   0.02871   0.01133    0.0209
   121/249     12.2G   0.02231  0.008797  0.004164   0.03527         3      1280    0.6475    0.6304     0.641    0.4778   0.02928   0.01099   0.02095
   122/249     12.2G   0.02159  0.009339  0.004667    0.0356         4      1280    0.6572    0.5968    0.6379    0.4689   0.02906   0.01076   0.02126
   123/249     12.2G   0.02166   0.00903  0.004873   0.03556         3      1280    0.6618    0.5982    0.6402    0.4852   0.02924   0.01118   0.02295
   124/249     12.2G   0.02234  0.009374  0.004452   0.03617         8      1280    0.7025    0.5942    0.6473    0.4951   0.02895   0.01098   0.02009
   125/249     12.2G     0.023  0.009166  0.005668   0.03784         2      1280    0.7312    0.5505    0.6369    0.4867   0.02977   0.01101   0.02132
   126/249     12.2G    0.0223  0.009333  0.004939   0.03657         7      1280    0.6954    0.5981    0.6445    0.4833   0.02991   0.01089   0.02144
   127/249     12.2G   0.02225  0.009083  0.004906   0.03624         6      1280    0.7441    0.5707    0.6449    0.4956    0.0289   0.01108   0.02184
   128/249     12.2G   0.02173  0.009074  0.005218   0.03602         5      1280    0.5786    0.6733    0.6501    0.4778   0.02924   0.01092   0.02452
   129/249     12.2G   0.02187  0.009004   0.00523    0.0361         2      1280     0.648    0.6396    0.6487    0.5005   0.02842   0.01096   0.02212
   130/249     12.2G   0.02153  0.009287  0.004696   0.03552         5      1280    0.6337    0.6126    0.6273    0.4814   0.02907   0.01098   0.02144
   131/249     12.2G   0.02096  0.009371  0.004885   0.03522         5      1280    0.6415    0.6143     0.629    0.4808   0.02896   0.01136   0.02251
   132/249     12.2G   0.02111   0.00865  0.004685   0.03445         2      1280    0.6909    0.6004    0.6392    0.4948   0.02875   0.01117   0.02186
   133/249     12.2G    0.0223  0.009049  0.005139   0.03649         4      1280     0.704    0.5906    0.6445    0.4959   0.02877   0.01095   0.02136
   134/249     12.2G   0.02038  0.008474  0.003939    0.0328         3      1280     0.613    0.6781     0.638    0.4753   0.02965   0.01134   0.02191
   135/249     12.2G   0.02197  0.009211  0.004134   0.03531         1      1280    0.6867    0.5983    0.6516    0.5028   0.02797   0.01092   0.02115
   136/249     12.2G   0.02006  0.008437  0.004217   0.03271         7      1280    0.7015    0.5996    0.6554    0.4999     0.029   0.01095   0.02094
   137/249     12.2G   0.02136  0.008763  0.004428   0.03455         6      1280    0.6953    0.6107    0.6478    0.4859   0.02893     0.011   0.01958
   138/249     12.2G   0.02045  0.008722  0.004478   0.03365         6      1280    0.6902    0.6166    0.6401    0.4979   0.02838    0.0109   0.02187
   139/249     12.2G   0.02027  0.008813  0.004612   0.03369         3      1280    0.6852    0.5954    0.6414    0.4944   0.02865   0.01098   0.02143
   140/249     12.2G   0.02081  0.008712  0.005251   0.03477         3      1280    0.6423    0.6184    0.6471    0.4994   0.02905   0.01124   0.02111
   141/249     12.2G    0.0213  0.008818  0.004378    0.0345         4      1280    0.7289    0.5835    0.6538     0.498   0.02922    0.0111   0.02273
   142/249     12.2G   0.02063   0.00855  0.004505   0.03369         3      1280    0.6147    0.6585    0.6388    0.4919   0.02936   0.01102   0.02264
   143/249     12.2G   0.02028  0.008666  0.004905   0.03385         7      1280    0.7145    0.5885    0.6388    0.5005   0.02825   0.01069   0.02295
   144/249     12.2G   0.02044  0.008518  0.004971   0.03393         2      1280    0.6703    0.6167    0.6477    0.5033   0.02869   0.01099   0.02064
   145/249     12.2G   0.01945  0.008701  0.004856     0.033         4      1280    0.7183    0.5558    0.6491    0.5016   0.02873   0.01099   0.02258
   146/249     12.2G   0.02082  0.008775   0.00429   0.03388         5      1280     0.594    0.6899    0.6348    0.4814   0.02928   0.01123   0.02285
   147/249     12.2G   0.01959  0.008408  0.003665   0.03167         5      1280    0.6391    0.6404    0.6338    0.4903   0.02866   0.01139   0.02293
   148/249     12.2G   0.01976  0.008043  0.003835   0.03164         3      1280    0.6977    0.6002    0.6548    0.5085   0.02905   0.01112   0.02149
   149/249     12.2G    0.0205  0.008349  0.004231   0.03308         5      1280    0.6504    0.6587    0.6516    0.5055   0.02885   0.01113   0.02182
   150/249     12.2G   0.01967   0.00835  0.004176   0.03219         2      1280    0.6813    0.6288    0.6653      0.52   0.02862   0.01118   0.02084
   151/249     12.2G   0.01936  0.007963   0.00365   0.03097         3      1280    0.6429    0.6273    0.6282    0.4832    0.0291   0.01144   0.02236
   152/249     12.2G   0.01919  0.008671  0.004138     0.032         5      1280    0.6825    0.6463    0.6569    0.5071   0.02818    0.0114   0.02063
   153/249     12.2G   0.01901  0.008263   0.00362   0.03089         3      1280    0.7148    0.5812    0.6448    0.4995    0.0278   0.01133   0.02191
   154/249     12.2G   0.01963  0.008043  0.004067   0.03174         3      1280    0.6311    0.6365     0.633    0.4852   0.02869   0.01152   0.02366
   155/249     12.2G   0.02009  0.008223  0.004551   0.03286         5      1280    0.7398    0.5743    0.6582    0.5059   0.02901   0.01154   0.02087
   156/249     12.2G   0.01867  0.008248  0.003769   0.03069         1      1280    0.7037    0.5805    0.6557    0.5048   0.02821   0.01123   0.02239
   157/249     12.2G   0.01934  0.008534  0.003493   0.03137         4      1280    0.7183    0.5711    0.6525    0.5005     0.029   0.01104    0.0215
   158/249     12.2G   0.01924   0.00811   0.00398   0.03133         6      1280     0.581    0.6794    0.6449    0.5056   0.02852   0.01095   0.02241
   159/249     12.2G   0.01863  0.008306   0.00373   0.03066         3      1280    0.5852    0.7026    0.6653    0.5271   0.02846    0.0114   0.02298
   160/249     12.2G   0.01855  0.008372  0.003509   0.03043         6      1280    0.6834     0.626    0.6743    0.5253   0.02841   0.01068   0.02179
   161/249     12.2G   0.01867  0.008325  0.004459   0.03145         5      1280     0.611    0.6802    0.6512     0.507   0.02808   0.01096   0.02249
   162/249     12.2G   0.01924  0.007797  0.003852   0.03089         2      1280    0.6426    0.6546    0.6577    0.5182   0.02808   0.01093   0.02214
   163/249     12.2G   0.01875  0.008191  0.003648   0.03059         3      1280     0.714    0.5711    0.6504    0.5124   0.02795   0.01137   0.02188
   164/249     12.2G   0.01839  0.008139  0.003543   0.03007         3      1280     0.639    0.6644    0.6468    0.5004   0.02802   0.01122   0.02335
   165/249     12.2G   0.01806  0.007905  0.003669   0.02963         3      1280     0.676    0.6127     0.644    0.4932   0.02792   0.01116   0.02255
   166/249     12.2G   0.01828  0.008133  0.003776   0.03019         2      1280    0.6422    0.6221    0.6432    0.4981   0.02821   0.01161   0.02247
   167/249     12.2G    0.0183  0.008102  0.003856   0.03026         6      1280    0.6769    0.5926    0.6421    0.4952   0.02814   0.01178   0.02245
   168/249     12.2G   0.01881  0.008156  0.003692   0.03066         6      1280    0.6765    0.6195    0.6402    0.4966    0.0279   0.01173   0.02209
   169/249     12.2G   0.01862   0.00796  0.003323    0.0299         3      1280    0.6897     0.619    0.6448    0.5086   0.02766   0.01165   0.02251
   170/249     12.2G   0.01814  0.008293  0.003386   0.02982         7      1280    0.6813    0.5985    0.6355     0.504   0.02773   0.01149   0.02377
   171/249     12.2G   0.01791  0.008349  0.003452   0.02971         8      1280    0.6309    0.6415     0.646    0.5047   0.02736   0.01121   0.02237
   172/249     12.2G   0.01734  0.007788  0.003185   0.02831         3      1280    0.6835    0.5945    0.6388    0.5024   0.02757   0.01162   0.02275
   173/249     12.2G   0.01743  0.007813  0.003349   0.02859         3      1280    0.7117    0.6032    0.6321    0.4901   0.02753   0.01158   0.02257
   174/249     12.2G   0.01729  0.007695  0.003508    0.0285         5      1280    0.5943    0.6807    0.6377    0.5029   0.02745   0.01164    0.0224
   175/249     12.2G   0.01728  0.008175  0.003446   0.02891         4      1280    0.6376    0.6659    0.6515    0.5098    0.0281   0.01144   0.02228
   176/249     12.2G   0.01761  0.007733  0.003234   0.02858         2      1280    0.6575    0.5908    0.6408    0.5065   0.02759   0.01162   0.02223
   177/249     12.2G   0.01778  0.007878   0.00294   0.02859        10      1280    0.6345    0.6591    0.6438    0.5068   0.02768   0.01138   0.02221
   178/249     12.2G   0.01696  0.008138  0.003691   0.02879         6      1280    0.6931    0.6256    0.6562    0.5133   0.02721   0.01103   0.02318
   179/249     12.2G   0.01786   0.00778  0.003019   0.02866         5      1280    0.6251    0.6627    0.6381    0.5028   0.02753   0.01149   0.02324
   180/249     12.2G    0.0176   0.00785  0.003152    0.0286         3      1280    0.6179    0.6881    0.6509    0.5083     0.028   0.01117   0.02231
   181/249     12.2G   0.01714  0.007977   0.00346   0.02858         7      1280    0.6746    0.6118     0.648    0.5142   0.02754   0.01139   0.02264
   182/249     12.2G   0.01737  0.008031  0.003217   0.02862         6      1280     0.681    0.6259    0.6509    0.5115   0.02773   0.01159   0.02262
   183/249     12.2G   0.01755  0.007582  0.003631   0.02877         3      1280    0.6141    0.6745    0.6433    0.5083   0.02789   0.01166   0.02279
   184/249     12.2G   0.01691  0.007814  0.003594   0.02832         1      1280    0.6891    0.6179    0.6479    0.5108   0.02792   0.01178   0.02177
   185/249     12.2G   0.01694   0.00759  0.003142   0.02767         7      1280    0.6528    0.6719    0.6555    0.5242   0.02742   0.01137   0.02259
   186/249     12.2G   0.01681  0.007642  0.002897   0.02735         2      1280    0.6398     0.672    0.6516    0.5123    0.0279   0.01161    0.0219
   187/249     12.2G   0.01716  0.008074  0.003441   0.02867         5      1280    0.7069    0.6126    0.6514    0.5098   0.02775   0.01155    0.0208
   188/249     12.2G   0.01653  0.007618  0.003424   0.02757         8      1280    0.7105    0.5872    0.6531    0.5149   0.02791   0.01134   0.02205
   189/249     12.2G    0.0169  0.007741  0.003512   0.02816         5      1280    0.7138    0.5916    0.6506    0.5124   0.02761   0.01135   0.02153
   190/249     12.2G   0.01686  0.008074  0.003161   0.02809         5      1280    0.6555     0.613    0.6579    0.5258   0.02794   0.01179    0.0216
   191/249     12.2G   0.01642  0.007559   0.00351   0.02749         4      1280    0.7155    0.6047    0.6514    0.5137   0.02796   0.01131   0.02193
   192/249     12.2G    0.0164  0.007685   0.00295   0.02703         4      1280    0.6849    0.6188    0.6471    0.5063   0.02818   0.01201    0.0227
   193/249     12.2G   0.01715  0.007484  0.002947   0.02759         4      1280    0.6553    0.6584      0.65    0.5129   0.02782   0.01142   0.02229
   194/249     12.2G   0.01639  0.007961  0.002936   0.02729         6      1280    0.6345     0.658    0.6533     0.516   0.02755   0.01155   0.02415
   195/249     12.2G   0.01648  0.007702  0.003358   0.02754         7      1280    0.6954    0.6291    0.6697    0.5346    0.0274    0.0114   0.02379
   196/249     12.2G   0.01632  0.007407  0.003131   0.02686         4      1280    0.6688     0.627    0.6377    0.4996   0.02782   0.01165   0.02455
   197/249     12.2G     0.017  0.007402  0.003058   0.02746         5      1280    0.6943    0.6365     0.669    0.5265   0.02792   0.01159    0.0238
   198/249     12.2G   0.01661  0.007587  0.003525   0.02773         7      1280    0.7489    0.5585    0.6624    0.5206   0.02765   0.01139   0.02379
   199/249     12.2G   0.01662  0.007298  0.003559   0.02748         4      1280    0.6939    0.6215    0.6566    0.5197   0.02762   0.01177   0.02438
   200/249     12.2G   0.01598  0.007658  0.003007   0.02664         0      1280    0.6824    0.6584    0.6612    0.5187   0.02778   0.01163   0.02285
   201/249     12.2G   0.01588  0.007645  0.002996   0.02652        10      1280    0.7062    0.6089    0.6558    0.5197   0.02766   0.01142   0.02187
   202/249     12.2G   0.01653  0.007698  0.002715   0.02694         4      1280    0.6315     0.656    0.6485    0.5163   0.02787    0.0115   0.02221
   203/249     12.2G   0.01577  0.007531  0.002747   0.02605         5      1280    0.6522    0.6437    0.6583    0.5127   0.02786   0.01101   0.02253
   204/249     12.2G   0.01641  0.007606   0.00297   0.02698         2      1280     0.692    0.6196    0.6507     0.511   0.02773   0.01171   0.02245
   205/249     12.2G   0.01622  0.007759  0.002904   0.02688         2      1280    0.7142    0.6289    0.6729    0.5326   0.02779   0.01149   0.02235
   206/249     12.2G   0.01621  0.007868  0.002805   0.02688        17      1280    0.6878    0.6537    0.6748    0.5362   0.02757   0.01126   0.02229
   207/249     12.2G   0.01536   0.00744  0.003084   0.02589         2      1280    0.6827    0.6407    0.6625    0.5275   0.02758   0.01154   0.02278
   208/249     12.2G   0.01554  0.007696  0.002831   0.02607         6      1280    0.6688    0.6458    0.6584    0.5191   0.02784   0.01217   0.02354
   209/249     12.2G   0.01595  0.007346  0.002837   0.02613         2      1280     0.684    0.6119    0.6561    0.5161    0.0277   0.01162   0.02299
   210/249     12.2G   0.01624  0.007294  0.003547   0.02708         6      1280    0.7025    0.6258    0.6589    0.5216   0.02733   0.01171   0.02224
   211/249     12.2G   0.01533  0.007142  0.002733    0.0252         5      1280    0.6944    0.6477    0.6634    0.5248   0.02761   0.01183   0.02217
   212/249     12.2G    0.0161  0.007179  0.002579   0.02586         4      1280    0.6494     0.672    0.6624    0.5239   0.02746   0.01151   0.02342
   213/249     12.2G   0.01588  0.007149  0.002734   0.02576         2      1280    0.7108    0.6126    0.6684    0.5253   0.02769   0.01144   0.02348
   214/249     12.2G   0.01587  0.007682  0.003149    0.0267         6      1280     0.691    0.6192    0.6602    0.5252   0.02761   0.01174    0.0238
   215/249     12.2G   0.01583  0.007773  0.002998    0.0266         3      1280    0.6951    0.6151    0.6478    0.5103   0.02794    0.0119   0.02357
   216/249     12.2G   0.01539  0.007356  0.002575   0.02532         5      1280    0.6369    0.6836    0.6575     0.522   0.02761   0.01146    0.0229
   217/249     12.2G   0.01523  0.007295  0.002871   0.02539         4      1280    0.6984    0.6189     0.662    0.5153   0.02781    0.0114   0.02267
   218/249     12.2G   0.01501  0.007434  0.002921   0.02537         2      1280      0.66    0.6344    0.6531    0.5172    0.0275   0.01136   0.02303
   219/249     12.2G   0.01514   0.00717  0.003013   0.02532         2      1280    0.7288     0.568      0.64    0.5054   0.02742   0.01171   0.02421
   220/249     12.2G   0.01523  0.007687  0.003271   0.02619         5      1280    0.6945    0.5938    0.6497     0.511   0.02775   0.01186   0.02293
   221/249     12.2G   0.01505  0.006922  0.002184   0.02415         3      1280      0.66    0.6622    0.6707    0.5317   0.02771   0.01151   0.02322
   222/249     12.2G   0.01554  0.007157  0.002966   0.02566         9      1280    0.6816    0.6443    0.6652     0.528   0.02756   0.01152   0.02232
   223/249     12.2G   0.01497  0.007342  0.002562   0.02488         6      1280    0.6884    0.6454    0.6561    0.5205   0.02785   0.01139   0.02245
   224/249     12.2G   0.01511  0.007306  0.002776   0.02519         6      1280    0.6944    0.6321    0.6407     0.506   0.02821   0.01178    0.0214
   225/249     12.2G    0.0151  0.006958   0.00267   0.02473         2      1280    0.6655    0.6635    0.6504    0.5112   0.02794   0.01189   0.02183
   226/249     12.2G   0.01513  0.007376  0.002407   0.02491         7      1280    0.6169    0.6867    0.6422    0.5034   0.02743   0.01179   0.02262
   227/249     12.2G   0.01488  0.007179  0.002629   0.02469         3      1280    0.6762    0.6101    0.6309    0.4983   0.02745   0.01163     0.022
   228/249     12.2G   0.01494  0.007318  0.002785   0.02505         3      1280    0.7376    0.6135    0.6647    0.5236   0.02786   0.01154   0.02137
   229/249     12.2G   0.01498  0.007301  0.003031   0.02531         6      1280    0.7271    0.6102    0.6614     0.519   0.02787   0.01168   0.02383
   230/249     12.2G   0.01481  0.007147  0.002353   0.02431         5      1280    0.7002    0.6399    0.6647    0.5203   0.02752   0.01167   0.02134
   231/249     12.2G   0.01463  0.007155  0.002249   0.02403         7      1280    0.6816    0.6423    0.6645    0.5241   0.02715   0.01146   0.02181
   232/249     12.2G   0.01466  0.007313    0.0022   0.02418         4      1280    0.6598    0.6451    0.6628    0.5275   0.02725   0.01176   0.02175
   233/249     12.2G   0.01463  0.007018   0.00224   0.02389         5      1280    0.7158    0.6157     0.664    0.5316   0.02735   0.01185   0.02177
   234/249     12.2G   0.01461  0.007506  0.002288   0.02441         9      1280    0.7558     0.576    0.6582    0.5248   0.02756    0.0119   0.02184
   235/249     12.2G   0.01495  0.007035  0.002886   0.02488         3      1280    0.6534    0.6667    0.6488    0.5174   0.02777   0.01183   0.02242
   236/249     12.2G   0.01503  0.006754  0.002694   0.02447         3      1280    0.6522    0.6574    0.6666    0.5263   0.02754   0.01207   0.02165
   237/249     12.2G   0.01507  0.007563  0.002816   0.02544         6      1280    0.7043      0.62    0.6667    0.5312    0.0273   0.01166   0.02216
   238/249     12.2G   0.01489  0.006868  0.002683   0.02444         7      1280    0.7017    0.6291    0.6702    0.5324   0.02732   0.01191   0.02276
   239/249     12.2G   0.01489  0.006975  0.002675   0.02454         4      1280    0.6556    0.6593    0.6544    0.5175   0.02753   0.01214   0.02254
   240/249     12.2G   0.01467  0.007248  0.002369   0.02429         6      1280    0.6462    0.6615    0.6566    0.5231   0.02731   0.01154   0.02256
   241/249     12.2G   0.01517  0.007316  0.002614    0.0251         4      1280    0.6721    0.6232    0.6576    0.5231   0.02746   0.01154   0.02196
   242/249     12.2G   0.01503   0.00717  0.003015   0.02521         4      1280    0.7631    0.5741    0.6644    0.5277    0.0276   0.01175   0.02171
   243/249     12.2G   0.01473  0.007236  0.002256   0.02423         5      1280    0.6888    0.6237    0.6475    0.5171   0.02759   0.01183   0.02305
   244/249     12.2G   0.01536  0.007315  0.002848   0.02553         3      1280    0.6496    0.6534    0.6456     0.519    0.0273   0.01221   0.02288
   245/249     12.2G   0.01536  0.007049  0.002295   0.02471         2      1280    0.6687    0.6452    0.6428    0.5142   0.02734   0.01189    0.0227
   246/249     12.2G   0.01466  0.007063  0.002331   0.02405        10      1280    0.7864    0.5524      0.66    0.5249    0.0275    0.0116   0.02197
   247/249     12.2G   0.01439  0.007107  0.002555   0.02405         3      1280    0.7402    0.5804    0.6536    0.5213   0.02726   0.01179   0.02313
   248/249     12.2G   0.01451  0.006847  0.002823   0.02418         5      1280    0.6235    0.6823    0.6509    0.5178   0.02756   0.01206   0.02235
   249/249     12.2G    0.0144  0.006853   0.00221   0.02347         7      1280    0.6367    0.6721    0.6476    0.5108   0.02746   0.01228   0.02178
